3,Flint,,1,1,1,1,1,9,9,250
3,Volante,,1,1,1,1,1,9,9,300
3,Deco,,1,1,1,1,1,9,9,300
3,Nightsky,,1,1,1,1,1,9,9,400
3,Morbius,,1,1,1,1,1,9,9,350
3,Iridium,,1,1,1,1,1,9,9,500
2,Ditto X2,,1,1,0,0,0,9,9,100
1,RC-10R,,1,1,0,0,1,9,9,300
2,Polytune 2,,0,0,0,0,0,9,9,10
4,Immerse,,1,1,0,0,0,9,12,100
5,True Spring,,1,1,0,0,1,9,9,150
6,Big Muff Ram's Head,,0,0,0,0,0,9,9,10
7,Park,,0,0,0,0,0,9,9,10
8,Germanium Fuzz,,0,0,0,0,0,9,9,25
9,Sunface,,0,0,0,0,0,9,9,5
10,Triple Wreck,,0,0,0,0,0,9,9,25
11,Plasma Pedal,,0,0,0,0,0,9,9,300
12,1312,,0,0,0,0,0,9,18,75
13,Red Mountain,,1,1,1,1,0,9,9,100
14,Julia,,0,0,0,0,0,9,9,50
15,Shallow Water,,0,0,0,0,0,9,9,20
16,Phase 95,,0,0,0,0,0,9,9,25
17,ODR Mini,,0,0,0,0,0,9,9,10
18,Hotcake,,0,0,0,0,0,9,9,15
8,Preamp,,0,0,0,0,0,9,9,20
9,Prince of Tone,,0,0,0,0,0,9,18,20
10,Tumnus Deluxe,,0,0,0,0,0,9,9,15
1,ES-8,,1,1,1,1,1,9,9,350
1,SY-200,,0,0,1,,1,9,9,200
19,Tensor,,0,0,0,0,1,9,9,150
6,Grand Canyon,,0,1,0,1,1,9,9,100
20,Black Fountain,,0,0,0,1,1,9,9,100
21,Double Rock,,0,0,0,0,0,9,9,30
21,Fuzz Factory,,0,0,0,0,0,9,9,30
1,Blues Driver,,0,0,0,0,0,9,9,20
7,Monarch,,0,0,0,0,0,9,18,25
6,Oceans 11,,1,1,0,0,0,9,9,100
22,Rat,,0,0,0,0,0,9,9,10
23,EP Booster,,0,0,0,0,0,9,18,25
24,Compressor+,,0,0,0,0,0,9,9,25
16,10 Band EQ,,0,1,0,0,0,18,18,100
6,Pitchfork,,0,0,0,0,1,9,9,100
25,Cry Baby,,0,0,0,0,0,9,9,15